0 1
0 2
0 3
0 4
0 5
0 6
0 7
1 0
1 33
1 2
1 35
1 36
1 34
1 24
1 6
1 3
1 37
1 27
2 0
2 1
2 52
2 37
2 6
2 24
2 33
3 0
3 1
3 39
3 42
3 35
4 0
4 31
4 55
4 7
4 56
4 54
5 0
5 33
6 0
6 1
6 2
6 31
6 24
6 33
7 0
7 4
7 31
7 39
7 27
7 44
7 45
7 28
33 1
33 2
33 5
33 6
33 24
33 32
33 36
33 53
33 37
33 34
35 1
35 3
35 27
35 52
35 38
35 42
36 1
36 33
36 39
34 1
34 28
34 31
34 33
34 52
34 55
34 57
24 1
24 2
24 6
24 23
24 48
24 37
24 56
24 33
24 45
37 1
37 2
37 24
37 27
37 28
37 33
27 1
27 7
27 26
27 31
27 48
27 35
27 37
27 39
27 57
27 28
27 61
52 2
52 29
52 34
52 35
52 38
52 39
52 50
52 54
52 57
39 3
39 7
39 13
39 20
39 27
39 36
39 52
42 3
42 31
42 35
31 4
31 6
31 7
31 26
31 27
31 28
31 34
31 42
31 45
31 48
31 50
31 57
55 4
55 34
55 47
55 54
55 56
55 58
56 4
56 24
56 54
56 55
56 58
54 4
54 38
54 47
54 52
54 55
54 56
44 7
44 17
44 22
44 41
44 47
45 7
45 24
45 31
45 50
28 7
28 26
28 27
28 31
28 48
28 50
28 37
28 34
28 57
28 46
8 15
8 16
8 17
8 9
8 10
8 11
8 12
8 13
8 14
15 8
15 9
15 11
15 12
15 14
15 16
15 43
16 8
16 9
16 11
16 12
16 14
16 15
16 43
16 17
17 8
17 9
17 12
17 16
17 20
17 41
17 44
9 8
9 15
9 17
9 20
9 16
10 8
11 8
11 15
11 16
11 18
11 19
11 20
11 21
11 22
11 12
12 8
12 11
12 15
12 16
12 17
12 25
13 8
13 39
14 8
14 15
14 25
14 16
20 9
20 11
20 17
20 22
20 39
20 40
20 38
20 41
18 11
18 40
18 22
19 11
21 11
22 11
22 18
22 20
22 40
22 44
25 12
25 14
43 15
43 16
43 60
41 17
41 20
41 47
41 44
40 18
40 20
40 22
38 20
38 35
38 47
38 52
38 54
23 24
48 24
48 27
48 28
48 31
48 49
48 50
48 51
26 31
26 27
26 28
26 29
26 30
29 26
29 50
29 52
29 58
30 26
30 51
57 27
57 28
57 31
57 34
57 50
57 52
61 27
61 49
61 58
50 28
50 29
50 31
50 45
50 48
50 57
50 59
50 52
46 28
58 29
58 55
58 56
58 61
51 30
51 48
32 33
53 33
47 38
47 41
47 44
47 55
47 54
60 43
49 48
49 61
59 50
