0 1
0 2
0 3
0 4
0 5
0 6
0 7
0 8
0 9
0 10
0 11
1 0
1 90
1 4
1 5
1 6
1 7
1 89
1 106
1 108
1 94
2 0
2 10
2 35
2 8
2 5
2 6
2 7
2 51
2 89
2 90
2 91
3 0
3 79
3 98
3 83
3 100
3 91
3 64
3 99
3 70
3 75
3 30
4 0
4 1
4 10
4 90
4 5
4 102
4 103
4 56
4 89
4 6
4 108
5 0
5 1
5 2
5 4
5 98
5 8
5 89
5 90
5 108
5 46
6 0
6 1
6 2
6 4
6 63
6 33
6 10
6 7
6 8
6 89
6 92
7 0
7 1
7 2
7 6
7 114
7 10
7 8
7 41
7 90
7 108
8 0
8 2
8 5
8 6
8 7
8 95
8 89
8 10
8 75
8 108
9 0
9 33
9 35
9 69
9 37
9 38
9 97
9 112
9 17
9 22
9 25
9 36
10 0
10 2
10 4
10 6
10 7
10 8
10 19
10 100
10 90
10 108
10 109
11 0
11 111
11 65
11 114
11 112
11 66
11 91
11 113
11 77
11 94
90 1
90 2
90 4
90 5
90 7
90 10
90 62
90 89
90 101
90 108
90 94
89 1
89 2
89 4
89 5
89 6
89 8
89 51
89 61
89 104
89 90
89 108
106 1
106 30
106 65
106 93
106 101
106 102
106 103
106 104
106 105
106 107
106 109
108 1
108 4
108 5
108 7
108 8
108 10
108 41
108 89
108 90
108 91
108 100
94 1
94 11
94 22
94 68
94 71
94 83
94 90
94 111
94 112
94 114
94 113
35 2
35 9
35 17
35 22
35 25
35 33
35 36
35 37
35 104
35 105
35 113
35 88
51 2
51 41
51 49
51 95
51 79
51 89
51 84
51 107
51 92
91 2
91 3
91 11
91 41
91 64
91 75
91 83
91 95
91 100
91 99
91 108
79 3
79 41
79 51
79 74
79 95
79 112
79 81
79 92
98 3
98 5
98 64
98 75
98 83
98 84
98 95
98 99
98 104
98 100
83 3
83 24
83 25
83 30
83 64
83 75
83 95
83 98
83 99
83 91
83 94
100 3
100 10
100 64
100 75
100 80
100 91
100 95
100 98
100 99
100 108
64 3
64 42
64 46
64 56
64 95
64 91
64 98
64 100
64 88
64 83
64 75
99 3
99 29
99 75
99 83
99 85
99 88
99 91
99 95
99 98
99 100
99 102
70 3
70 38
70 65
70 66
70 67
70 68
70 69
70 71
70 72
70 73
70 75
70 78
75 3
75 8
75 64
75 67
75 70
75 74
75 83
75 98
75 100
75 91
75 99
30 3
30 23
30 24
30 25
30 83
30 103
30 66
30 32
30 106
30 60
30 87
102 4
102 43
102 65
102 93
102 99
102 101
102 104
102 103
102 107
102 105
102 106
103 4
103 30
103 65
103 93
103 101
103 102
103 104
103 105
103 106
103 107
56 4
56 40
56 47
56 52
56 54
56 55
56 64
56 62
56 58
56 59
56 61
46 5
46 26
46 39
46 42
46 43
46 44
46 48
46 49
46 50
46 65
46 64
63 6
63 34
63 43
63 57
63 58
63 59
63 60
63 61
63 62
63 109
33 6
33 9
33 17
33 22
33 25
33 27
33 34
33 35
33 36
33 37
33 38
92 6
92 41
92 44
92 51
92 68
92 69
92 79
92 86
92 96
92 109
114 7
114 11
114 14
114 22
114 34
114 94
114 111
114 112
114 113
41 7
41 39
41 79
41 51
41 91
41 92
41 109
41 108
95 8
95 51
95 64
95 78
95 79
95 83
95 91
95 99
95 98
95 100
69 9
69 38
69 42
69 66
69 67
69 68
69 70
69 71
69 72
69 73
69 92
37 9
37 17
37 22
37 25
37 33
37 35
37 36
37 38
37 76
37 110
38 9
38 20
38 33
38 37
38 66
38 67
38 68
38 70
38 71
38 72
38 73
38 69
97 9
97 27
97 28
97 45
97 47
97 48
97 76
97 78
97 80
97 82
97 96
112 9
112 11
112 45
112 79
112 81
112 94
112 96
112 111
112 113
112 114
17 9
17 12
17 15
17 33
17 35
17 36
17 37
17 22
17 25
17 110
17 49
22 9
22 12
22 17
22 81
22 33
22 114
22 35
22 36
22 37
22 25
22 94
25 9
25 17
25 22
25 23
25 33
25 83
25 36
25 37
25 35
25 30
36 9
36 14
36 15
36 17
36 21
36 22
36 25
36 33
36 35
36 37
36 113
19 10
19 12
19 13
19 15
19 16
19 18
19 50
19 20
19 21
19 73
19 110
109 10
109 41
109 58
109 62
109 63
109 85
109 92
109 106
111 11
111 14
111 18
111 20
111 29
111 94
111 112
111 113
111 114
65 11
65 46
65 106
65 101
65 102
65 103
65 104
65 105
65 70
65 107
65 93
66 11
66 30
66 38
66 43
66 67
66 68
66 69
66 70
66 71
66 72
66 73
113 11
113 35
113 36
113 81
113 94
113 110
113 111
113 112
113 114
77 11
77 27
77 28
77 45
77 67
77 71
77 74
77 80
77 81
77 96
77 78
12 15
12 16
12 17
12 18
12 19
12 20
12 21
12 22
12 13
12 14
15 12
15 13
15 14
15 16
15 17
15 18
15 19
15 36
15 40
15 110
15 20
16 12
16 13
16 14
16 15
16 18
16 19
16 21
16 110
16 23
16 72
16 74
18 12
18 14
18 15
18 16
18 19
18 20
18 21
18 86
18 111
18 76
18 110
20 12
20 13
20 14
20 15
20 18
20 19
20 111
20 21
20 38
20 110
20 42
21 12
21 13
21 14
21 16
21 18
21 19
21 20
21 49
21 36
21 73
21 110
13 12
13 44
13 72
13 76
13 110
13 15
13 16
13 19
13 20
13 21
13 23
13 14
14 12
14 13
14 15
14 16
14 36
14 18
14 20
14 21
14 111
14 114
14 110
44 13
44 26
44 31
44 39
44 40
44 46
44 60
44 48
44 49
44 50
44 53
44 92
72 13
72 16
72 28
72 38
72 66
72 67
72 68
72 69
72 70
72 71
72 73
76 13
76 18
76 27
76 28
76 37
76 74
76 80
76 82
76 96
76 97
76 78
110 13
110 14
110 15
110 16
110 17
110 18
110 19
110 20
110 21
110 37
110 113
23 13
23 16
23 31
23 29
23 32
23 24
23 25
23 26
23 27
23 28
23 30
40 15
40 26
40 31
40 39
40 48
40 49
40 50
40 42
40 56
40 73
40 44
74 16
74 27
74 45
74 79
74 81
74 82
74 80
74 75
74 76
74 77
74 78
49 17
49 21
49 31
49 39
49 40
49 43
49 44
49 46
49 48
49 50
49 51
86 18
86 24
86 29
86 32
86 53
86 85
86 104
86 88
86 87
86 92
50 19
50 26
50 31
50 40
50 42
50 43
50 44
50 46
50 49
50 67
50 55
73 19
73 21
73 38
73 40
73 66
73 67
73 68
73 69
73 70
73 71
73 72
42 20
42 26
42 31
42 39
42 40
42 64
42 69
42 43
42 46
42 48
42 50
42 57
81 22
81 27
81 28
81 45
81 74
81 77
81 78
81 79
81 80
81 96
81 112
81 113
31 23
31 26
31 48
31 49
31 82
31 50
31 54
31 40
31 42
31 43
31 44
29 23
29 24
29 111
29 87
29 99
29 85
29 53
29 88
29 32
29 86
29 107
32 23
32 24
32 29
32 30
32 87
32 85
32 53
32 88
32 86
32 59
24 23
24 32
24 83
24 84
24 53
24 86
24 87
24 85
24 88
24 29
24 30
26 23
26 31
26 39
26 50
26 52
26 34
26 40
26 42
26 43
26 44
26 46
27 23
27 80
27 33
27 81
27 77
27 96
27 71
27 74
27 97
27 45
27 76
28 23
28 48
28 97
28 82
28 81
28 77
28 96
28 72
28 76
28 45
28 78
84 24
84 51
84 58
84 59
84 61
84 62
84 98
53 24
53 29
53 32
53 44
53 52
53 87
53 85
53 86
53 55
53 93
53 88
87 24
87 29
87 30
87 32
87 53
87 55
87 62
87 85
87 86
87 88
87 107
85 24
85 29
85 32
85 53
85 58
85 86
85 99
85 88
85 87
85 105
85 109
88 24
88 29
88 32
88 35
88 53
88 59
88 64
88 85
88 86
88 87
88 99
39 26
39 47
39 48
39 49
39 42
39 40
39 41
39 43
39 44
39 45
39 46
52 26
52 34
52 47
52 58
52 53
52 54
52 55
52 56
52 57
52 59
34 26
34 33
34 47
34 63
34 114
34 52
34 57
34 58
34 60
34 61
34 62
43 26
43 31
43 39
43 42
43 48
43 49
43 66
43 50
43 102
43 63
43 46
80 27
80 45
80 68
80 74
80 76
80 77
80 97
80 82
80 81
80 100
96 27
96 28
96 48
96 61
96 76
96 77
96 78
96 81
96 82
96 92
96 97
96 112
71 27
71 38
71 66
71 67
71 68
71 69
71 70
71 72
71 73
71 77
71 94
45 27
45 28
45 39
45 80
45 97
45 82
45 81
45 112
45 74
45 77
48 28
48 31
48 39
48 40
48 42
48 43
48 44
48 46
48 96
48 97
48 49
48 57
82 28
82 31
82 45
82 74
82 76
82 78
82 80
82 96
82 97
82 101
78 28
78 70
78 74
78 76
78 77
78 95
78 96
78 81
78 82
78 97
107 29
107 51
107 65
107 87
107 93
107 101
107 102
107 103
107 104
107 105
107 106
60 30
60 34
60 44
60 54
60 55
60 57
60 63
60 61
60 62
54 31
54 47
54 52
54 55
54 56
54 57
54 58
54 59
54 60
54 93
59 32
59 47
59 52
59 54
59 55
59 56
59 58
59 63
59 88
59 61
59 84
47 34
47 39
47 55
47 97
47 52
47 54
47 56
47 57
47 58
47 59
57 34
57 42
57 47
57 48
57 52
57 54
57 63
57 60
57 61
57 62
58 34
58 47
58 52
58 54
58 55
58 56
58 63
58 85
58 59
58 109
58 84
61 34
61 56
61 57
61 59
61 60
61 63
61 96
61 84
61 89
61 62
62 34
62 55
62 56
62 57
62 60
62 61
62 63
62 87
62 90
62 84
62 109
104 35
104 65
104 86
104 89
104 93
104 98
104 101
104 102
104 103
104 105
104 106
104 107
105 35
105 65
105 85
105 93
105 101
105 102
105 103
105 104
105 106
105 107
67 38
67 50
67 66
67 68
67 69
67 70
67 71
67 72
67 73
67 75
67 77
68 38
68 66
68 67
68 69
68 71
68 72
68 73
68 70
68 80
68 92
68 93
68 94
55 47
55 50
55 52
55 53
55 54
55 87
55 56
55 58
55 59
55 60
55 62
93 53
93 54
93 65
93 68
93 106
93 101
93 103
93 104
93 105
93 107
93 102
101 65
101 82
101 90
101 93
101 102
101 103
101 104
101 105
101 106
101 107
